0 , 0 , 492
1 , 0 , 492
2 , 0 , 492
3 , 0 , 492
4 , 0 , 492
5 , 0 , 492
6 , 0 , 492
7 , 0 , 492
8 , 0 , 492
9 , 0 , 492
10 , 0 , 492
11 , 0 , 492
12 , 0 , 492
13 , 0 , 492
14 , 0 , 492
15 , 0 , 492
16 , 0 , 492
17 , 0 , 492
18 , 0 , 492
19 , 0 , 492
20 , 0 , 492
21 , 0 , 492
22 , 0 , 492
23 , 0 , 492
24 , 0 , 492
25 , 0 , 492
26 , 0 , 492
27 , 0 , 492
28 , 0 , 492
29 , 0 , 492
30 , 0 , 492
31 , 0 , 491
32 , 0 , 492
33 , 0 , 491
34 , 0 , 491
35 , 0 , 491
36 , 0 , 491
37 , 0 , 491
38 , 0 , 491
39 , 0 , 492
40 , 0 , 491
41 , 0 , 492
42 , 0 , 492
43 , 0 , 492
44 , 0 , 491
45 , 0 , 492
46 , 0 , 492
47 , 0 , 492
48 , 0 , 492
49 , 0 , 492
50 , 0 , 492
51 , 0 , 492
52 , 0 , 492
53 , 0 , 492
54 , 0 , 492
55 , 0 , 492
56 , 0 , 492
57 , 0 , 492
58 , 0 , 492
59 , 0 , 492
60 , 0 , 493
61 , 0 , 492
62 , 0 , 492
63 , 0 , 492
64 , 0 , 492
65 , 0 , 492
66 , 0 , 492
67 , 0 , 492
68 , 0 , 492
69 , 0 , 492
70 , 0 , 492
71 , 0 , 492
72 , 0 , 492
73 , 0 , 492
74 , 0 , 492
75 , 0 , 492
76 , 0 , 492
77 , 0 , 492
78 , 0 , 492
79 , 0 , 491
80 , 0 , 492
81 , 0 , 492
82 , 0 , 492
83 , 0 , 492
84 , 0 , 492
85 , 0 , 492
86 , 0 , 492
87 , 0 , 492
88 , 0 , 492
89 , 0 , 492
90 , 0 , 492
91 , 0 , 492
92 , 0 , 492
93 , 0 , 492
94 , 0 , 492
95 , 0 , 493
96 , 0 , 492
97 , 0 , 492
98 , 0 , 492
99 , 0 , 492
100 , 0 , 492
101 , 0 , 492
102 , 0 , 492
103 , 0 , 492
104 , 0 , 492
105 , 0 , 492
106 , 0 , 492
107 , 0 , 492
108 , 0 , 491
109 , 0 , 492
110 , 0 , 492
111 , 0 , 492
112 , 0 , 491
113 , 0 , 492
114 , 0 , 492
115 , 18 , 492
116 , 48 , 492
117 , 80 , 492
118 , 106 , 492
119 , 132 , 492
120 , 157 , 492
121 , 182 , 492
122 , 210 , 492
123 , 242 , 492
124 , 280 , 492
125 , 313 , 492
126 , 340 , 492
127 , 364 , 492
128 , 381 , 492
129 , 395 , 493
130 , 402 , 492
131 , 401 , 492
132 , 401 , 493
133 , 401 , 492
134 , 401 , 493
135 , 401 , 493
136 , 402 , 493
137 , 401 , 493
138 , 401 , 493
139 , 401 , 493
140 , 401 , 493
141 , 401 , 494
142 , 401 , 493
143 , 401 , 493
144 , 401 , 494
145 , 401 , 494
146 , 401 , 494
147 , 401 , 494
148 , 401 , 494
149 , 401 , 494
150 , 401 , 494
151 , 401 , 494
152 , 401 , 494
153 , 401 , 494
154 , 401 , 494
155 , 401 , 495
156 , 401 , 494
157 , 401 , 495
158 , 401 , 495
159 , 400 , 495
160 , 401 , 495
161 , 401 , 495
162 , 401 , 495
163 , 400 , 495
164 , 401 , 495
165 , 401 , 495
166 , 400 , 495
167 , 401 , 496
168 , 401 , 496
169 , 400 , 496
170 , 401 , 496
171 , 401 , 496
172 , 400 , 496
173 , 401 , 496
174 , 401 , 496
175 , 401 , 496
176 , 401 , 496
177 , 400 , 496
178 , 401 , 496
179 , 401 , 497
180 , 400 , 496
181 , 400 , 496
182 , 400 , 496
183 , 401 , 496
184 , 400 , 497
185 , 401 , 497
186 , 400 , 497
187 , 400 , 497
188 , 401 , 497
189 , 400 , 497
190 , 400 , 497
191 , 400 , 497
192 , 400 , 497
193 , 400 , 497
194 , 401 , 497
195 , 400 , 497
196 , 400 , 497
197 , 400 , 497
198 , 400 , 497
199 , 400 , 498
200 , 400 , 498
201 , 400 , 498
202 , 400 , 498
203 , 400 , 498
204 , 400 , 498
205 , 400 , 498
206 , 400 , 498
207 , 401 , 498
208 , 400 , 498
209 , 400 , 498
210 , 400 , 498
211 , 400 , 498
212 , 400 , 498
213 , 401 , 498
214 , 400 , 498
215 , 400 , 498
216 , 400 , 498
217 , 400 , 498
218 , 400 , 498
219 , 400 , 498
220 , 400 , 498
221 , 400 , 498
222 , 400 , 498
223 , 400 , 498
224 , 400 , 499
225 , 400 , 499
226 , 400 , 499
227 , 400 , 499
228 , 400 , 499
229 , 400 , 499
230 , 400 , 499
231 , 401 , 499
232 , 400 , 499
233 , 400 , 499
234 , 400 , 499
235 , 400 , 499
236 , 400 , 500
237 , 400 , 499
238 , 400 , 499
239 , 400 , 499
240 , 401 , 499
241 , 400 , 499
242 , 400 , 499
243 , 400 , 499
244 , 400 , 499
245 , 400 , 499
246 , 400 , 499
247 , 400 , 499
248 , 400 , 499
249 , 400 , 499
250 , 401 , 499
251 , 400 , 499
252 , 401 , 499
253 , 400 , 499
254 , 400 , 499
255 , 401 , 499
256 , 400 , 499
257 , 400 , 499
258 , 400 , 499
259 , 400 , 499
260 , 400 , 499
261 , 400 , 499
262 , 400 , 499
263 , 400 , 499
264 , 400 , 500
265 , 400 , 499
266 , 400 , 499
268 , 400 , 499
269 , 400 , 500
270 , 400 , 500
271 , 400 , 500
272 , 400 , 499
273 , 400 , 499
274 , 400 , 499
275 , 400 , 499
276 , 400 , 499
277 , 400 , 500
278 , 400 , 500
279 , 400 , 499
280 , 400 , 499
281 , 401 , 500
282 , 400 , 499
283 , 400 , 500
284 , 400 , 499
285 , 400 , 500
286 , 400 , 499
287 , 400 , 500
288 , 401 , 499
289 , 400 , 500
290 , 400 , 500
291 , 400 , 499
292 , 400 , 500
293 , 400 , 499
294 , 400 , 500
295 , 400 , 500
296 , 400 , 500
297 , 400 , 500
298 , 400 , 500
299 , 400 , 500
300 , 400 , 500
301 , 400 , 500
302 , 400 , 500
303 , 400 , 500
304 , 400 , 500
305 , 400 , 500
306 , 400 , 500
307 , 400 , 500
308 , 400 , 500
309 , 400 , 500
310 , 400 , 500
311 , 400 , 500
312 , 401 , 500
313 , 400 , 500
314 , 400 , 501
315 , 400 , 500
316 , 401 , 501
317 , 400 , 500
318 , 400 , 500
319 , 401 , 501
320 , 400 , 500
321 , 400 , 500
322 , 400 , 501
323 , 400 , 501
324 , 400 , 500
325 , 401 , 501
326 , 400 , 501
327 , 400 , 501
328 , 400 , 501
329 , 400 , 501
330 , 400 , 501
331 , 400 , 501
332 , 400 , 501
333 , 400 , 501
334 , 400 , 501
335 , 400 , 501
336 , 400 , 502
337 , 400 , 501
338 , 400 , 501
339 , 400 , 501
340 , 400 , 501
341 , 400 , 501
342 , 400 , 501
343 , 400 , 501
344 , 400 , 502
345 , 400 , 501
346 , 400 , 501
347 , 400 , 501
348 , 400 , 501
349 , 400 , 501
350 , 400 , 502
351 , 400 , 501
352 , 400 , 501
353 , 400 , 501
354 , 400 , 501
355 , 400 , 502
356 , 400 , 501
357 , 400 , 502
358 , 400 , 501
359 , 401 , 502
360 , 400 , 501
361 , 400 , 501
362 , 401 , 501
363 , 400 , 501
364 , 400 , 501
365 , 400 , 501
366 , 400 , 501
367 , 400 , 501
368 , 400 , 501
369 , 400 , 501
370 , 400 , 501
371 , 400 , 501
372 , 400 , 501
373 , 400 , 501
374 , 400 , 501
375 , 400 , 501
376 , 400 , 501
377 , 400 , 501
378 , 400 , 502
379 , 400 , 501
380 , 400 , 501
381 , 400 , 501
382 , 400 , 502
383 , 400 , 501
384 , 400 , 501
385 , 401 , 501
386 , 400 , 501
387 , 400 , 502
388 , 400 , 501
389 , 400 , 502
390 , 400 , 501
391 , 400 , 501
392 , 401 , 502
393 , 400 , 501
394 , 400 , 501
395 , 400 , 501
396 , 401 , 501
397 , 400 , 501
398 , 400 , 501
399 , 401 , 501
400 , 400 , 501
401 , 400 , 501
402 , 400 , 501
403 , 400 , 501
404 , 400 , 501
405 , 400 , 501
406 , 400 , 501
407 , 400 , 501
408 , 400 , 501
409 , 400 , 501
410 , 400 , 501
411 , 400 , 501
412 , 399 , 501
413 , 400 , 501
414 , 400 , 501
415 , 400 , 501
416 , 400 , 501
417 , 400 , 501
418 , 400 , 501
419 , 400 , 501
420 , 400 , 501
421 , 400 , 501
422 , 400 , 501
423 , 400 , 501
424 , 400 , 501
425 , 400 , 501
426 , 400 , 501
427 , 400 , 502
428 , 400 , 501
429 , 400 , 501
430 , 400 , 502
431 , 400 , 501
432 , 400 , 501
433 , 400 , 502
434 , 400 , 502
435 , 400 , 501
436 , 401 , 502
437 , 400 , 501
438 , 400 , 501
439 , 400 , 501
440 , 400 , 501
441 , 400 , 501
442 , 400 , 501
443 , 400 , 502
444 , 400 , 501
445 , 400 , 501
446 , 400 , 502
447 , 400 , 502
448 , 400 , 502
449 , 400 , 502
450 , 400 , 501
451 , 400 , 502
452 , 400 , 502
453 , 400 , 502
454 , 400 , 502
455 , 400 , 502
456 , 400 , 502
457 , 400 , 502
458 , 400 , 502
459 , 400 , 502
460 , 400 , 502
461 , 400 , 502
462 , 400 , 502
463 , 400 , 502
464 , 400 , 502
465 , 400 , 502
466 , 400 , 502
467 , 400 , 502
468 , 400 , 502
469 , 400 , 502
470 , 400 , 502
471 , 400 , 502
472 , 400 , 502
473 , 400 , 502
474 , 400 , 502
475 , 400 , 502
476 , 400 , 502
477 , 400 , 502
478 , 400 , 502
479 , 400 , 502
480 , 400 , 502
481 , 400 , 502
482 , 400 , 502
483 , 400 , 502
484 , 400 , 502
485 , 400 , 502
486 , 400 , 502
487 , 400 , 502
488 , 400 , 502
489 , 400 , 502
490 , 400 , 502
491 , 400 , 502
492 , 400 , 502
493 , 400 , 502
494 , 400 , 502
495 , 400 , 502
496 , 400 , 502
497 , 400 , 502
498 , 400 , 502
499 , 400 , 502
500 , 400 , 502
501 , 400 , 502
502 , 400 , 502
503 , 400 , 502
504 , 400 , 502
505 , 400 , 502
506 , 400 , 502
507 , 400 , 502
508 , 400 , 501
509 , 400 , 501
510 , 400 , 501
511 , 400 , 501
512 , 400 , 501
513 , 400 , 501
514 , 400 , 502
515 , 400 , 501
516 , 400 , 501
517 , 400 , 501
519 , 400 , 501
520 , 400 , 501
521 , 400 , 501
522 , 400 , 501
523 , 400 , 501
524 , 400 , 501
525 , 400 , 501
526 , 400 , 501
527 , 400 , 501
528 , 400 , 501
529 , 400 , 501
530 , 400 , 501
531 , 400 , 501
532 , 400 , 501
533 , 400 , 501
534 , 400 , 501
535 , 400 , 501
536 , 400 , 501
537 , 400 , 501
538 , 400 , 502
539 , 400 , 502
540 , 400 , 502
541 , 400 , 502
542 , 400 , 502
543 , 400 , 502
544 , 400 , 502
545 , 400 , 502
546 , 400 , 502
547 , 400 , 502
548 , 400 , 502
549 , 400 , 502
550 , 400 , 502
551 , 400 , 502
552 , 400 , 502
553 , 400 , 502
554 , 400 , 502
555 , 400 , 502
556 , 400 , 502
557 , 400 , 502
558 , 400 , 502
559 , 400 , 502
560 , 400 , 502
561 , 399 , 502
562 , 400 , 502
563 , 400 , 502
564 , 400 , 502
565 , 400 , 502
566 , 400 , 502
567 , 400 , 502
568 , 400 , 502
569 , 400 , 502
570 , 400 , 502
571 , 400 , 502
572 , 400 , 503
573 , 400 , 502
574 , 400 , 502
575 , 400 , 502
576 , 400 , 502
577 , 400 , 502
578 , 400 , 502
579 , 400 , 502
580 , 400 , 502
581 , 400 , 502
582 , 400 , 502
583 , 400 , 502
584 , 400 , 502
585 , 400 , 502
586 , 400 , 502
587 , 400 , 502
588 , 400 , 502
589 , 400 , 503
590 , 400 , 502
591 , 399 , 502
592 , 400 , 502
593 , 400 , 502
594 , 400 , 502
595 , 399 , 502
596 , 400 , 502
597 , 400 , 502
598 , 400 , 502
599 , 400 , 502
600 , 400 , 502
601 , 400 , 502
602 , 400 , 502
603 , 400 , 502
604 , 400 , 502
605 , 400 , 502
606 , 400 , 502
607 , 400 , 502
608 , 400 , 502
609 , 400 , 502
610 , 401 , 502
611 , 400 , 502
612 , 400 , 502
613 , 400 , 502
614 , 400 , 502
615 , 400 , 502
616 , 400 , 502
617 , 400 , 502
618 , 400 , 502
619 , 400 , 502
620 , 400 , 502
621 , 400 , 502
622 , 400 , 502
623 , 400 , 502
624 , 400 , 502
625 , 400 , 502
626 , 400 , 502
627 , 400 , 502
628 , 400 , 502
629 , 400 , 502
630 , 400 , 502
631 , 400 , 502
632 , 400 , 501
633 , 400 , 502
634 , 400 , 502
635 , 400 , 502
636 , 405 , 502
637 , 410 , 502
638 , 418 , 502
639 , 433 , 502
640 , 450 , 502
641 , 472 , 502
642 , 495 , 502
643 , 524 , 502
644 , 552 , 502
645 , 579 , 502
646 , 610 , 502
647 , 636 , 502
648 , 660 , 502
649 , 679 , 502
650 , 698 , 502
651 , 721 , 502
652 , 744 , 502
653 , 772 , 502
654 , 797 , 502
655 , 821 , 501
656 , 843 , 502
657 , 862 , 502
658 , 869 , 502
659 , 870 , 502
660 , 870 , 502
661 , 869 , 502
662 , 870 , 501
663 , 869 , 502
664 , 869 , 501
665 , 869 , 501
666 , 869 , 501
667 , 869 , 502
668 , 869 , 501
669 , 869 , 502
670 , 869 , 502
671 , 869 , 502
672 , 869 , 502
673 , 869 , 503
674 , 869 , 502
675 , 869 , 503
676 , 869 , 503
677 , 869 , 503
678 , 868 , 503
679 , 869 , 503
680 , 869 , 504
681 , 869 , 504
682 , 869 , 504
683 , 870 , 504
684 , 869 , 504
685 , 869 , 504
686 , 869 , 504
687 , 869 , 504
688 , 869 , 504
689 , 869 , 504
690 , 869 , 504
691 , 869 , 504
692 , 869 , 503
693 , 869 , 504
694 , 869 , 505
695 , 869 , 505
696 , 869 , 504
697 , 869 , 505
698 , 869 , 505
699 , 869 , 506
700 , 869 , 506
701 , 869 , 505
702 , 869 , 506
703 , 869 , 506
704 , 869 , 506
705 , 869 , 506
706 , 869 , 507
707 , 869 , 507
708 , 868 , 506
709 , 869 , 507
710 , 869 , 507
711 , 868 , 507
712 , 869 , 507
713 , 870 , 507
714 , 869 , 507
715 , 869 , 507
716 , 869 , 508
717 , 869 , 508
718 , 869 , 508
719 , 869 , 508
720 , 870 , 508
721 , 869 , 508
722 , 869 , 508
723 , 869 , 508
724 , 869 , 508
725 , 869 , 508
726 , 869 , 507
727 , 870 , 508
728 , 869 , 507
729 , 869 , 508
730 , 869 , 508
731 , 868 , 508
732 , 869 , 508
733 , 869 , 508
734 , 869 , 508
735 , 869 , 508
736 , 869 , 508
737 , 868 , 508
738 , 868 , 508
739 , 869 , 508
740 , 869 , 508
741 , 868 , 509
742 , 869 , 508
743 , 870 , 509
744 , 869 , 509
745 , 868 , 509
746 , 869 , 509
747 , 869 , 509
748 , 869 , 509
749 , 868 , 508
750 , 869 , 509
751 , 869 , 509
752 , 868 , 509
753 , 869 , 509
754 , 869 , 509
755 , 869 , 509
756 , 869 , 509
757 , 869 , 509
758 , 868 , 509
759 , 868 , 509
760 , 869 , 509
761 , 869 , 509
762 , 869 , 509
763 , 869 , 509
764 , 869 , 509
765 , 869 , 509
766 , 869 , 509
767 , 869 , 509
769 , 868 , 509
770 , 869 , 509
771 , 869 , 509
772 , 869 , 509
773 , 869 , 509
774 , 870 , 509
775 , 869 , 510
776 , 868 , 510
777 , 869 , 509
778 , 868 , 510
779 , 869 , 509
780 , 869 , 510
781 , 869 , 510
782 , 869 , 509
783 , 868 , 510
784 , 868 , 509
785 , 869 , 509
786 , 868 , 509
787 , 869 , 509
788 , 869 , 509
789 , 868 , 509
790 , 869 , 509
791 , 869 , 509
792 , 869 , 509
793 , 869 , 510
794 , 869 , 509
795 , 869 , 509
796 , 869 , 510
797 , 870 , 510
798 , 869 , 510
799 , 867 , 510
800 , 869 , 510
801 , 869 , 510
802 , 868 , 510
803 , 869 , 510
804 , 869 , 510
805 , 869 , 510
806 , 868 , 510
807 , 869 , 510
808 , 869 , 510
809 , 869 , 510
810 , 869 , 509
811 , 869 , 510
812 , 869 , 510
813 , 868 , 510
814 , 869 , 510
815 , 869 , 510
816 , 869 , 510
817 , 868 , 510
818 , 869 , 510
819 , 869 , 510
820 , 868 , 510
821 , 869 , 510
822 , 869 , 511
823 , 869 , 511
824 , 868 , 511
825 , 869 , 511
826 , 869 , 511
827 , 869 , 510
828 , 869 , 511
829 , 868 , 511
830 , 869 , 511
831 , 869 , 511
832 , 869 , 511
833 , 869 , 511
834 , 870 , 511
835 , 869 , 511
836 , 868 , 511
837 , 869 , 511
838 , 869 , 511
839 , 869 , 511
840 , 869 , 511
841 , 869 , 511
842 , 869 , 511
843 , 869 , 511
844 , 869 , 511
845 , 869 , 511
846 , 868 , 511
847 , 869 , 511
848 , 869 , 511
849 , 869 , 511
850 , 869 , 511
851 , 869 , 511
852 , 869 , 511
853 , 869 , 512
854 , 869 , 511
855 , 869 , 511
856 , 869 , 511
857 , 869 , 511
858 , 869 , 511
859 , 868 , 511
860 , 869 , 511
861 , 869 , 511
862 , 868 , 511
863 , 869 , 511
864 , 870 , 511
865 , 869 , 511
866 , 868 , 510
867 , 868 , 511
868 , 869 , 510
869 , 869 , 510
870 , 869 , 510
871 , 869 , 510
872 , 869 , 511
873 , 868 , 511
874 , 869 , 511
875 , 869 , 511
876 , 869 , 511
877 , 869 , 511
878 , 869 , 511
879 , 869 , 511
880 , 869 , 511
881 , 869 , 511
882 , 869 , 511
883 , 869 , 511
884 , 869 , 512
885 , 869 , 511
886 , 869 , 512
887 , 869 , 512
888 , 869 , 512
889 , 868 , 512
890 , 869 , 512
891 , 868 , 512
892 , 869 , 511
893 , 869 , 512
894 , 870 , 512
895 , 869 , 512
896 , 868 , 511
897 , 869 , 512
898 , 869 , 512
899 , 868 , 512
900 , 869 , 512
901 , 869 , 512
902 , 869 , 512
903 , 869 , 512
904 , 869 , 512
905 , 869 , 512
906 , 869 , 512
907 , 869 , 512
908 , 869 , 512
909 , 869 , 512
910 , 869 , 512
911 , 869 , 511
912 , 869 , 511
913 , 869 , 511
914 , 869 , 511
915 , 869 , 512
916 , 869 , 511
917 , 869 , 511
918 , 869 , 511
919 , 868 , 511
920 , 869 , 511
921 , 869 , 511
922 , 869 , 511
923 , 869 , 511
924 , 870 , 511
925 , 869 , 511
926 , 869 , 510
927 , 869 , 511
928 , 869 , 510
929 , 869 , 511
930 , 869 , 510
931 , 869 , 510
932 , 868 , 510
933 , 868 , 510
934 , 869 , 510
935 , 869 , 510
936 , 869 , 510
937 , 869 , 510
938 , 869 , 510
939 , 869 , 510
940 , 869 , 510
941 , 869 , 510
942 , 869 , 510
943 , 869 , 510
944 , 869 , 510
945 , 869 , 510
946 , 869 , 510
947 , 870 , 510
948 , 869 , 510
949 , 868 , 510
950 , 869 , 510
951 , 869 , 510
952 , 869 , 510
953 , 869 , 510
954 , 870 , 510
955 , 868 , 510
956 , 868 , 510
957 , 869 , 510
958 , 870 , 510
959 , 869 , 510
960 , 869 , 510
961 , 869 , 510
962 , 869 , 510
963 , 869 , 510
964 , 869 , 510
965 , 869 , 510
966 , 869 , 510
967 , 869 , 510
968 , 869 , 510
969 , 869 , 510
970 , 869 , 510
971 , 869 , 511
972 , 868 , 510
973 , 869 , 510
974 , 869 , 510
975 , 869 , 510
976 , 869 , 510
977 , 870 , 510
978 , 869 , 510
979 , 868 , 510
980 , 869 , 510
981 , 869 , 510
982 , 869 , 510
983 , 869 , 510
984 , 869 , 510
985 , 869 , 510
986 , 868 , 510
987 , 869 , 510
988 , 869 , 510
989 , 869 , 510
990 , 869 , 510
991 , 869 , 510
992 , 869 , 510
993 , 869 , 510
994 , 869 , 510
995 , 868 , 510
996 , 879 , 510
997 , 911 , 510
998 , 953 , 510
999 , 984 , 510
1000 , 1018 , 510
1001 , 1023 , 510
1002 , 1023 , 511
1003 , 1023 , 510
1004 , 1023 , 510
1005 , 1023 , 511
1006 , 1023 , 511
1007 , 1023 , 511
1008 , 1023 , 511
1009 , 1023 , 510
1010 , 1023 , 510
1011 , 1023 , 510
1012 , 1023 , 510
1013 , 1023 , 510
1014 , 1023 , 510
1015 , 1023 , 511
1017 , 1023 , 511
1018 , 1023 , 511
1019 , 1023 , 511
1020 , 1023 , 511
1021 , 1023 , 511
1022 , 1023 , 511
1023 , 1023 , 511
1024 , 1023 , 511
1025 , 1023 , 511
1026 , 1023 , 511
1027 , 1023 , 511
1028 , 1023 , 511
1029 , 1023 , 511
1030 , 1023 , 511
1031 , 1023 , 511
1032 , 1023 , 511
1033 , 1023 , 512
1034 , 1023 , 511
1035 , 1023 , 512
1036 , 1023 , 511
1037 , 1023 , 512
1038 , 1023 , 512
1039 , 1023 , 512
1040 , 1023 , 512
1041 , 1023 , 512
1042 , 1023 , 512
1043 , 1023 , 512
1044 , 1023 , 512
1045 , 1023 , 512
1046 , 1023 , 512
1047 , 1023 , 512
1048 , 1023 , 512
1049 , 1023 , 512
1050 , 1023 , 512
1051 , 1023 , 512
1052 , 1023 , 512
1053 , 1023 , 512
1054 , 1023 , 512
1055 , 1023 , 513
1056 , 1023 , 512
1057 , 1023 , 512
1058 , 1023 , 512
1059 , 1023 , 512
1060 , 1023 , 513
1061 , 1023 , 512
1062 , 1023 , 512
1063 , 1023 , 512
1064 , 1023 , 512
1065 , 1023 , 512
1066 , 1023 , 512
1067 , 1023 , 512
1068 , 1023 , 512
1069 , 1023 , 512
1070 , 1023 , 512
1071 , 1023 , 512
1072 , 1023 , 512
1073 , 1023 , 512
1074 , 1023 , 512
1075 , 1023 , 512
1076 , 1023 , 512
1077 , 1023 , 512
1078 , 1023 , 512
1079 , 1023 , 511
1080 , 1023 , 511
1081 , 1023 , 512
1082 , 1023 , 512
1083 , 1023 , 511
1084 , 1023 , 511
1085 , 1023 , 512
1086 , 1023 , 511
1087 , 1023 , 511
1088 , 1023 , 511
1089 , 1023 , 511
1090 , 1023 , 511
1091 , 1023 , 512
1092 , 1023 , 512
1093 , 1023 , 512
1094 , 1023 , 512
1095 , 1023 , 512
1096 , 1023 , 512
1097 , 1023 , 512
1098 , 1023 , 512
1099 , 1023 , 513
1100 , 1023 , 513
1101 , 1023 , 512
1102 , 1023 , 513
1103 , 1023 , 513
1104 , 1023 , 513
1105 , 1023 , 513
1106 , 1023 , 513
1107 , 1023 , 513
1108 , 1023 , 513
1109 , 1023 , 513
1110 , 1023 , 513
1111 , 1023 , 513
1112 , 1023 , 513
1113 , 1023 , 513
1114 , 1023 , 513
1115 , 1023 , 513
1116 , 1023 , 514
1117 , 1023 , 513
1118 , 1023 , 513
1119 , 1023 , 513
1120 , 1023 , 514
1121 , 1023 , 514
1122 , 1023 , 513
1123 , 1023 , 514
1124 , 1023 , 513
1125 , 1023 , 514
1126 , 1023 , 514
1127 , 1023 , 514
1128 , 1023 , 514
1129 , 1023 , 514
1130 , 1023 , 514
1131 , 1023 , 514
1132 , 1023 , 515
1133 , 1023 , 514
1134 , 1023 , 514
1135 , 1023 , 514
1136 , 1023 , 514
1137 , 1023 , 514
1138 , 1023 , 515
1139 , 1023 , 514
1140 , 1023 , 514
1141 , 1023 , 514
1142 , 1023 , 514
1143 , 1023 , 514
1144 , 1023 , 514
1145 , 1023 , 514
1146 , 1023 , 514
1147 , 1023 , 514
1148 , 1023 , 514
1149 , 1023 , 514
1150 , 1023 , 514
1151 , 1023 , 514
1152 , 1023 , 514
1153 , 1023 , 514
1154 , 1023 , 514
1155 , 1023 , 514
1156 , 1023 , 514
1157 , 1023 , 514
1158 , 1023 , 515
1159 , 1023 , 514
1160 , 1023 , 514
1161 , 1023 , 514
1162 , 1023 , 514
1163 , 1023 , 514
1164 , 1023 , 514
1165 , 1023 , 514
1166 , 1023 , 514
1167 , 1023 , 514
1168 , 1023 , 514
1169 , 1023 , 514
1170 , 1023 , 514
1171 , 1023 , 514
1172 , 1023 , 514
1173 , 1023 , 514
1174 , 1023 , 514
1175 , 1023 , 514
1176 , 1023 , 514
1177 , 1023 , 513
1178 , 1023 , 513
1179 , 1023 , 513
1180 , 1023 , 513
1181 , 1023 , 513
1182 , 1023 , 513
1183 , 1023 , 513
1184 , 1023 , 514
1185 , 1023 , 513
1186 , 1023 , 513
1187 , 1023 , 513
1188 , 1023 , 513
1189 , 1023 , 513
1190 , 1023 , 513
1191 , 1023 , 513
1192 , 1023 , 512
1193 , 1023 , 513
1194 , 1023 , 513
1195 , 1023 , 513
1196 , 1023 , 513
1197 , 1023 , 513
1198 , 1023 , 513
1199 , 1023 , 513
1200 , 1023 , 513
1201 , 1023 , 513
1202 , 1023 , 513
1203 , 1023 , 513
1204 , 1023 , 513
1205 , 1023 , 514
1206 , 1023 , 513
1207 , 1023 , 514
1208 , 1023 , 514
1209 , 1023 , 514
1210 , 1023 , 514
1211 , 1023 , 514
1212 , 1023 , 514
1213 , 1023 , 514
1214 , 1023 , 514
1215 , 1023 , 514
1216 , 1023 , 514
1217 , 1023 , 514
1218 , 1023 , 514
1219 , 1023 , 514
1220 , 1023 , 514
1221 , 1023 , 514
1222 , 1023 , 514
1223 , 1023 , 514
1224 , 1023 , 514
1225 , 1023 , 514
1226 , 1023 , 514
1227 , 1023 , 514
1228 , 1023 , 514
1229 , 1023 , 514
1230 , 1023 , 514
1231 , 1023 , 514
1232 , 1023 , 514
1233 , 1023 , 514
1234 , 1023 , 514
1235 , 1023 , 514
1236 , 1023 , 514
1237 , 1023 , 514
1238 , 1023 , 514
1240 , 1023 , 514
1241 , 1023 , 514
1242 , 1023 , 514
1243 , 1023 , 514
1244 , 1023 , 514
1245 , 1023 , 514
1246 , 1023 , 514
1247 , 1023 , 514
1248 , 1023 , 513
1249 , 1023 , 514
1250 , 1023 , 514
1251 , 1023 , 514
1252 , 1023 , 514
1253 , 1023 , 514
1254 , 1023 , 514
1255 , 1023 , 514
1256 , 1023 , 514
1257 , 1023 , 514
1258 , 1023 , 514
1259 , 1023 , 514
1260 , 1023 , 514
1261 , 1023 , 514
1262 , 1023 , 514
1263 , 1023 , 515
1264 , 1023 , 515
1265 , 1023 , 515
1266 , 1023 , 515
1267 , 1023 , 515
1268 , 1023 , 515
1269 , 1023 , 515
1270 , 1023 , 515
1271 , 1023 , 515
1272 , 1023 , 515
1273 , 1023 , 515
1274 , 1023 , 515
1275 , 1023 , 515
1276 , 1023 , 515
1277 , 1023 , 515
1278 , 1023 , 515
1279 , 1023 , 515
1280 , 1023 , 515
1281 , 1023 , 515
1282 , 1023 , 515
1283 , 1023 , 515
1284 , 1023 , 515
1285 , 1023 , 515
1286 , 1023 , 515
1287 , 1023 , 515
1288 , 1023 , 515
1289 , 1023 , 515
1290 , 1023 , 515
1291 , 1023 , 515
1292 , 1023 , 515
1293 , 1023 , 515
1294 , 1023 , 515
1295 , 1023 , 515
1296 , 1023 , 514
1297 , 1023 , 515
1298 , 1023 , 515
1299 , 1023 , 515
1300 , 1023 , 515
1301 , 1023 , 515
1302 , 1023 , 515
1303 , 1023 , 515
1304 , 1023 , 515
1305 , 1023 , 515
1306 , 1023 , 515
1307 , 1023 , 515
1308 , 1023 , 515
1309 , 1023 , 515
1310 , 1023 , 514
1311 , 1023 , 514
1312 , 1023 , 515
1313 , 1023 , 515
1314 , 1023 , 515
1315 , 1023 , 515
1316 , 1023 , 514
1317 , 1023 , 515
1318 , 1023 , 515
1319 , 1023 , 515
1320 , 1023 , 515
1321 , 1023 , 515
1322 , 1023 , 514
1323 , 1023 , 515
1324 , 1023 , 515
1325 , 1023 , 515
1326 , 1023 , 515
1327 , 1023 , 515
1328 , 1023 , 515
1329 , 1023 , 515
1330 , 1023 , 515
1331 , 1023 , 515
1332 , 1023 , 515
1333 , 1023 , 515
1334 , 1023 , 515
1335 , 1023 , 515
1336 , 1023 , 515
1337 , 1023 , 515
1338 , 1023 , 515
1339 , 1023 , 515
1340 , 1023 , 515
1341 , 1023 , 515
1342 , 1023 , 515
1343 , 1023 , 515
1344 , 1023 , 515
1345 , 1023 , 515
1346 , 1023 , 515
1347 , 1023 , 515
1348 , 1023 , 515
1349 , 1023 , 515
1350 , 1023 , 515
1351 , 1023 , 515
1352 , 1023 , 515
1353 , 1023 , 515
1354 , 1023 , 515
1355 , 1023 , 516
1356 , 1023 , 515
1357 , 1023 , 516
1358 , 1023 , 516
1359 , 1023 , 516
1360 , 1023 , 516
1361 , 1023 , 516
1362 , 1023 , 516
1363 , 1023 , 516
1364 , 1023 , 515
1365 , 1023 , 515
1366 , 1023 , 516
1367 , 1023 , 515
1368 , 1023 , 515
1369 , 1023 , 515
1370 , 1023 , 516
1371 , 1023 , 516
1372 , 1023 , 516
1373 , 1023 , 516
1374 , 1023 , 516
1375 , 1023 , 516
1376 , 1023 , 515
1377 , 1023 , 516
1378 , 1023 , 516
1379 , 1023 , 516
1380 , 1023 , 516
1381 , 1023 , 516
1382 , 1023 , 516
1383 , 1023 , 516
1384 , 1023 , 516
1385 , 1023 , 516
1386 , 1023 , 516
1387 , 1023 , 516
1388 , 1023 , 516
1389 , 1023 , 516
1390 , 1023 , 516
1391 , 1023 , 516
1392 , 1023 , 516
1393 , 1023 , 516
1394 , 1023 , 516
1395 , 1023 , 516
1396 , 1023 , 516
1397 , 1023 , 516
1398 , 1023 , 516
1399 , 1023 , 516
1400 , 1023 , 516
1401 , 1023 , 516
1402 , 1023 , 515
1403 , 1023 , 516
1404 , 1023 , 516
1405 , 1023 , 516
1406 , 1023 , 517
1407 , 1023 , 516
1408 , 1023 , 516
1409 , 1023 , 516
1410 , 1023 , 516
1411 , 1023 , 516
1412 , 1023 , 516
1413 , 1023 , 516
1414 , 1023 , 516
1415 , 1023 , 516
1416 , 1023 , 516
1417 , 1023 , 516
1418 , 1023 , 516
1419 , 1023 , 517
1420 , 1023 , 517
1421 , 1023 , 517
1422 , 1023 , 517
1423 , 1023 , 517
1424 , 1023 , 517
1425 , 1023 , 517
1426 , 1023 , 516
1427 , 1023 , 516
1428 , 1023 , 517
1429 , 1023 , 516
1430 , 1023 , 516
1431 , 1023 , 516
1432 , 1023 , 516
1433 , 1023 , 516
1434 , 1023 , 517
1435 , 1023 , 517
1436 , 1023 , 516
1437 , 1023 , 517
1438 , 1023 , 516
1439 , 1023 , 517
1440 , 1023 , 517
1441 , 1023 , 517
1442 , 1023 , 517
1443 , 1023 , 517
1444 , 1023 , 517
1445 , 1023 , 517
1446 , 1023 , 516
1447 , 1023 , 516
1448 , 1023 , 516
1449 , 1023 , 516
1450 , 1023 , 517
1451 , 1023 , 517
1452 , 1023 , 516
1453 , 1023 , 517
1454 , 1023 , 517
1455 , 1023 , 517
1456 , 1023 , 517
1457 , 1023 , 517
1458 , 1023 , 517
1459 , 1023 , 517
1460 , 1023 , 516
1461 , 1023 , 516
1463 , 1023 , 516
1464 , 1023 , 517
1465 , 1023 , 516
1466 , 1023 , 517
1467 , 1023 , 517
1468 , 1023 , 516
1469 , 1023 , 516
1470 , 1023 , 517
1471 , 1023 , 516
1472 , 1023 , 516
1473 , 1023 , 517
1474 , 1023 , 516
1475 , 1023 , 516
1476 , 1023 , 516
1477 , 1023 , 516
1478 , 1023 , 516
1479 , 1023 , 516
1480 , 1023 , 516
1481 , 1023 , 516
1482 , 1023 , 516
1483 , 1023 , 516
1484 , 1023 , 516
1485 , 1023 , 516
1486 , 1023 , 516
1487 , 1023 , 516
1488 , 1023 , 516
1489 , 1023 , 516
1490 , 1023 , 516
1491 , 1023 , 516
1492 , 1023 , 516
1493 , 1023 , 517
1494 , 1023 , 516
1495 , 1023 , 517
1496 , 1023 , 517
1497 , 1023 , 517
1498 , 1003 , 517
1499 , 963 , 517
1500 , 913 , 517
1501 , 862 , 517
1502 , 812 , 517
1503 , 759 , 517
1504 , 711 , 517
1505 , 670 , 517
1506 , 630 , 517
1507 , 585 , 517
1508 , 550 , 517
1509 , 517 , 517
1510 , 481 , 517
1511 , 444 , 517
1512 , 417 , 517
1513 , 399 , 516
1514 , 395 , 516
1515 , 395 , 516
1516 , 395 , 516
1517 , 395 , 516
1518 , 395 , 516
1519 , 395 , 515
1520 , 395 , 515
1521 , 395 , 515
1522 , 395 , 515
1523 , 395 , 515
1524 , 395 , 515
1525 , 395 , 515
1526 , 395 , 515
1527 , 395 , 514
1528 , 395 , 514
1529 , 395 , 514
1530 , 395 , 514
1531 , 395 , 514
1532 , 396 , 514
1533 , 395 , 514
1534 , 395 , 514
1535 , 395 , 514
1536 , 395 , 514
1537 , 395 , 513
1538 , 396 , 513
1539 , 395 , 513
1540 , 395 , 513
1541 , 395 , 513
1542 , 396 , 513
1543 , 395 , 513
1544 , 395 , 513
1545 , 396 , 513
1546 , 395 , 512
1547 , 395 , 513
1548 , 395 , 512
1549 , 395 , 512
1550 , 395 , 512
1551 , 396 , 512
1552 , 395 , 512
1553 , 395 , 512
1554 , 396 , 511
1555 , 395 , 512
1556 , 395 , 511
1557 , 395 , 512
1558 , 395 , 511
1559 , 395 , 511
1560 , 395 , 512
1561 , 396 , 511
1562 , 395 , 510
1563 , 395 , 511
1564 , 395 , 510
1565 , 395 , 511
1566 , 395 , 510
1567 , 395 , 510
1568 , 395 , 509
1569 , 395 , 510
1570 , 396 , 510
1571 , 395 , 509
1572 , 396 , 509
1573 , 396 , 509
1574 , 396 , 509
1575 , 395 , 509
1576 , 395 , 509
1577 , 395 , 509
1578 , 395 , 509
1579 , 395 , 509
1580 , 395 , 509
1581 , 395 , 509
1582 , 395 , 509
1583 , 396 , 509
1584 , 395 , 509
1585 , 395 , 509
1586 , 396 , 509
1587 , 396 , 509
1588 , 396 , 509
1589 , 395 , 509
1590 , 395 , 509
1591 , 395 , 509
1592 , 395 , 508
1593 , 395 , 508
1594 , 396 , 508
1595 , 395 , 508
1596 , 396 , 508
1597 , 396 , 508
1598 , 395 , 508
1599 , 395 , 507
1600 , 395 , 508
1601 , 395 , 507
1602 , 395 , 507
1603 , 395 , 507
1604 , 396 , 507
1605 , 396 , 507
1606 , 395 , 507
1607 , 395 , 506
1608 , 395 , 506
1609 , 396 , 506
1610 , 396 , 506
1611 , 396 , 506
1612 , 395 , 506
1613 , 396 , 506
1614 , 395 , 505
1615 , 395 , 505
1616 , 395 , 506
1617 , 395 , 506
1618 , 396 , 505
1619 , 395 , 505
1620 , 396 , 505
1621 , 395 , 505
1622 , 396 , 505
1623 , 395 , 506
1624 , 395 , 506
1625 , 395 , 506
1626 , 395 , 505
1627 , 395 , 506
1628 , 396 , 505
1629 , 395 , 505
1630 , 395 , 505
1631 , 395 , 505
1632 , 395 , 505
1633 , 395 , 505
1634 , 396 , 505
1635 , 395 , 505
1636 , 396 , 505
1637 , 395 , 505
1638 , 396 , 505
1639 , 395 , 505
1640 , 396 , 505
1641 , 396 , 505
1642 , 396 , 505
1643 , 395 , 505
1644 , 396 , 505
1645 , 396 , 505
1646 , 395 , 505
1647 , 396 , 504
1648 , 396 , 504
1649 , 396 , 504
1650 , 396 , 505
1651 , 396 , 504
1652 , 396 , 504
1653 , 396 , 505
1654 , 396 , 504
1655 , 396 , 505
1656 , 396 , 505
1657 , 395 , 505
1658 , 396 , 505
1659 , 396 , 505
1660 , 396 , 504
1661 , 396 , 504
1662 , 396 , 504
1663 , 396 , 505
1664 , 396 , 504
1665 , 396 , 504
1666 , 396 , 504
1667 , 395 , 505
1668 , 396 , 504
1669 , 396 , 504
1670 , 396 , 505
1671 , 396 , 504
1672 , 396 , 504
1673 , 396 , 505
1674 , 396 , 504
1675 , 396 , 505
1676 , 396 , 504
1677 , 396 , 505
1678 , 396 , 504
1679 , 396 , 505
1680 , 396 , 505
1681 , 396 , 504
1682 , 396 , 504
1683 , 396 , 505
1684 , 396 , 504
1685 , 396 , 504
1686 , 396 , 504
1687 , 396 , 504
1688 , 396 , 504
1689 , 396 , 504
1690 , 396 , 504
1691 , 396 , 504
1692 , 396 , 505
1693 , 396 , 504
1694 , 396 , 504
1695 , 396 , 504
1696 , 396 , 504
1698 , 396 , 504
1699 , 396 , 504
1700 , 396 , 504
1701 , 396 , 504
1702 , 396 , 504
1703 , 396 , 504
1704 , 396 , 503
1705 , 396 , 504
1706 , 396 , 504
1707 , 396 , 504
1708 , 396 , 504
1709 , 396 , 504
1710 , 396 , 504
1711 , 396 , 505
1712 , 396 , 504
1713 , 396 , 504
1714 , 396 , 504
1715 , 396 , 504
1716 , 396 , 504
1717 , 396 , 504
1718 , 396 , 504
1719 , 396 , 504
1720 , 396 , 504
1721 , 396 , 504
1722 , 396 , 504
1723 , 396 , 504
1724 , 396 , 504
1725 , 396 , 504
1726 , 396 , 504
1727 , 396 , 504
1728 , 396 , 504
1729 , 396 , 504
1730 , 396 , 504
1731 , 396 , 504
1732 , 396 , 504
1733 , 396 , 504
1734 , 396 , 504
1735 , 396 , 504
1736 , 396 , 504
1737 , 396 , 504
1738 , 396 , 505
1739 , 396 , 504
1740 , 396 , 504
1741 , 396 , 504
1742 , 396 , 504
1743 , 396 , 504
1744 , 396 , 504
1745 , 396 , 504
1746 , 396 , 505
1747 , 396 , 505
1748 , 396 , 504
1749 , 396 , 505
1750 , 396 , 504
1751 , 396 , 504
1752 , 396 , 504
1753 , 396 , 504
1754 , 396 , 504
1755 , 396 , 505
1756 , 396 , 504
1757 , 396 , 505
1758 , 396 , 504
1759 , 396 , 504
1760 , 396 , 504
1761 , 396 , 504
1762 , 396 , 504
1763 , 396 , 504
1764 , 396 , 504
1765 , 396 , 504
1766 , 396 , 504
1767 , 396 , 504
1768 , 396 , 504
1769 , 397 , 504
1770 , 396 , 503
1771 , 396 , 504
1772 , 396 , 503
1773 , 396 , 504
1774 , 396 , 503
1775 , 396 , 504
1776 , 396 , 504
1777 , 396 , 503
1778 , 396 , 504
1779 , 396 , 503
1780 , 396 , 503
1781 , 396 , 503
1782 , 396 , 504
1783 , 396 , 503
1784 , 396 , 504
1785 , 396 , 503
1786 , 396 , 503
1787 , 396 , 504
1788 , 396 , 504
1789 , 396 , 503
1790 , 396 , 504
1791 , 396 , 504
1792 , 396 , 504
1793 , 396 , 504
1794 , 396 , 503
1795 , 396 , 504
1796 , 396 , 503
1797 , 396 , 503
1798 , 396 , 503
1799 , 395 , 503
1800 , 396 , 503
1801 , 396 , 504
1802 , 396 , 504
1803 , 396 , 503
1804 , 396 , 504
1805 , 396 , 504
1806 , 396 , 504
1807 , 396 , 504
1808 , 396 , 504
1809 , 396 , 504
1810 , 395 , 504
1811 , 396 , 504
1812 , 396 , 504
1813 , 396 , 504
1814 , 396 , 504
1815 , 396 , 504
1816 , 396 , 504
1817 , 396 , 504
1818 , 396 , 504
1819 , 396 , 504
1820 , 396 , 504
1821 , 395 , 504
1822 , 396 , 504
1823 , 396 , 504
1824 , 396 , 504
1825 , 396 , 504
1826 , 396 , 505
1827 , 396 , 504
1828 , 396 , 505
1829 , 396 , 505
1830 , 396 , 505
1831 , 396 , 504
1832 , 395 , 504
1833 , 396 , 504
1834 , 396 , 505
1835 , 396 , 504
1836 , 396 , 504
1837 , 396 , 504
1838 , 396 , 504
1839 , 396 , 504
1840 , 396 , 504
1841 , 396 , 504
1842 , 396 , 504
1843 , 395 , 504
1844 , 396 , 505
1845 , 396 , 504
1846 , 396 , 504
1847 , 396 , 504
1848 , 396 , 504
1849 , 396 , 504
1850 , 396 , 504
1851 , 396 , 504
1852 , 396 , 504
1853 , 396 , 504
1854 , 396 , 504
1855 , 396 , 504
1856 , 396 , 504
1857 , 396 , 504
1858 , 396 , 504
1859 , 396 , 504
1860 , 396 , 504
1861 , 396 , 504
1862 , 396 , 505
1863 , 396 , 505
1864 , 396 , 505
1865 , 396 , 505
1866 , 396 , 505
1867 , 396 , 505
1868 , 396 , 505
1869 , 396 , 505
1870 , 396 , 505
1871 , 396 , 505
1872 , 396 , 505
1873 , 396 , 505
1874 , 396 , 506
1875 , 396 , 505
1876 , 396 , 505
1877 , 396 , 505
1878 , 396 , 505
1879 , 396 , 505
1880 , 396 , 505
1881 , 396 , 506
1882 , 396 , 506
1883 , 396 , 506
1884 , 396 , 505
1885 , 396 , 505
1886 , 396 , 506
1887 , 396 , 506
1888 , 396 , 506
1889 , 396 , 506
1890 , 396 , 506
1891 , 396 , 506
1892 , 396 , 506
1893 , 396 , 506
1894 , 396 , 506
1895 , 396 , 506
1896 , 396 , 506
1897 , 396 , 506
1898 , 395 , 506
1899 , 396 , 506
1900 , 396 , 506
1901 , 396 , 506
1902 , 396 , 506
1903 , 396 , 506
1904 , 396 , 506
1905 , 396 , 506
1906 , 396 , 505
1907 , 396 , 506
1908 , 396 , 506
1909 , 395 , 505
1910 , 396 , 505
1911 , 396 , 505
1912 , 396 , 505
1913 , 396 , 505
1914 , 396 , 505
1915 , 396 , 505
1916 , 396 , 505
1917 , 396 , 505
1918 , 396 , 505
1919 , 396 , 505
1920 , 396 , 505
1921 , 396 , 505
1922 , 396 , 504
1923 , 396 , 505
1924 , 396 , 505
1925 , 396 , 505
1926 , 396 , 505
1927 , 396 , 505
1928 , 396 , 504
1929 , 396 , 504
1930 , 396 , 505
1931 , 396 , 504
1932 , 396 , 504
1933 , 396 , 504
1935 , 396 , 504
1936 , 396 , 504
1937 , 396 , 505
1938 , 396 , 504
1939 , 396 , 504
1940 , 396 , 504
1941 , 396 , 504
1942 , 396 , 504
1943 , 396 , 504
1944 , 396 , 504
1945 , 396 , 504
1946 , 396 , 504
1947 , 396 , 504
1948 , 396 , 504
1949 , 396 , 504
1950 , 396 , 504
1951 , 396 , 503
1952 , 396 , 504
1953 , 396 , 503
1954 , 395 , 503
1955 , 396 , 503
1956 , 396 , 503
1957 , 396 , 503
1958 , 396 , 503
1959 , 396 , 503
1960 , 396 , 503
1961 , 396 , 503
1962 , 396 , 503
1963 , 396 , 503
1964 , 396 , 503
1965 , 396 , 503
1966 , 396 , 503
1967 , 396 , 503
1968 , 396 , 503
1969 , 396 , 503
1970 , 396 , 503
1971 , 396 , 503
1972 , 396 , 503
1973 , 396 , 503
1974 , 396 , 503
1975 , 396 , 503
1976 , 396 , 503
1977 , 396 , 503
1978 , 396 , 503
1979 , 396 , 503
1980 , 396 , 503
1981 , 396 , 503
1982 , 396 , 503
1983 , 396 , 503
1984 , 396 , 503
1985 , 396 , 503
1986 , 396 , 503
1987 , 396 , 503
1988 , 396 , 503
1989 , 396 , 503
1990 , 395 , 503
1991 , 390 , 503
1992 , 375 , 503
1993 , 347 , 503
1994 , 310 , 503
1995 , 265 , 503
1996 , 222 , 502
1997 , 181 , 502
1998 , 139 , 502
1999 , 91 , 502
2000 , 44 , 502
2001 , 0 , 502
2002 , 0 , 502
2003 , 0 , 503
2004 , 0 , 503
2005 , 0 , 503
2006 , 0 , 503
2007 , 0 , 503
2008 , 0 , 502
2009 , 0 , 502
2010 , 0 , 502
2011 , 0 , 502
2012 , 0 , 502
2013 , 0 , 502
2014 , 0 , 502
2015 , 0 , 501
2016 , 0 , 502
2017 , 0 , 502
2018 , 0 , 502
2019 , 0 , 502
2020 , 0 , 501
2021 , 0 , 501
2022 , 0 , 501
2023 , 0 , 501
2024 , 0 , 501
2025 , 0 , 501
2026 , 0 , 501
2027 , 0 , 501
2028 , 0 , 501
2029 , 0 , 501
2030 , 0 , 501
2031 , 0 , 501
2032 , 0 , 500
2033 , 0 , 501
2034 , 0 , 501
2035 , 0 , 500
2036 , 0 , 500
2037 , 0 , 500
2038 , 0 , 500
2039 , 0 , 500
2040 , 0 , 500
2041 , 0 , 500
2042 , 0 , 500
2043 , 0 , 500
2044 , 0 , 500
2045 , 0 , 500
2046 , 0 , 500
2047 , 0 , 500
2048 , 0 , 500
2049 , 0 , 500
2050 , 0 , 499
2051 , 0 , 499
2052 , 0 , 500
2053 , 0 , 499
2054 , 0 , 499
2055 , 0 , 500
2056 , 0 , 499
2057 , 0 , 499
2058 , 0 , 499
2059 , 0 , 499
2060 , 0 , 499
2061 , 0 , 499
2062 , 0 , 499
2063 , 0 , 499
2064 , 0 , 499
2065 , 0 , 499
2066 , 0 , 499
2067 , 0 , 499
2068 , 0 , 499
2069 , 0 , 499
2070 , 0 , 499
2071 , 0 , 498
2072 , 0 , 498
2073 , 0 , 498
2074 , 0 , 498
2075 , 0 , 498
2076 , 0 , 498
2077 , 0 , 497
2078 , 0 , 497
2079 , 0 , 497
2080 , 0 , 497
2081 , 0 , 497
2082 , 0 , 497
2083 , 0 , 497
2084 , 0 , 497
2085 , 0 , 497
2086 , 0 , 496
2087 , 0 , 497
2088 , 0 , 497
2089 , 0 , 496
2090 , 0 , 496
2091 , 0 , 496
2092 , 0 , 496
2093 , 0 , 496
2094 , 0 , 496
2095 , 0 , 497
2096 , 0 , 496
2097 , 0 , 496
2098 , 0 , 496
2099 , 0 , 496
2100 , 0 , 496
2101 , 0 , 496
2102 , 0 , 496
2103 , 0 , 496
2104 , 0 , 496
2105 , 0 , 496
2106 , 0 , 496
2107 , 0 , 496
2108 , 0 , 496
2109 , 0 , 497
2110 , 0 , 496
2111 , 0 , 496
2112 , 0 , 496
2113 , 0 , 496
2114 , 0 , 496
2115 , 0 , 496
2116 , 0 , 496
2117 , 0 , 495
2118 , 0 , 496
2119 , 0 , 495
2120 , 0 , 495
2121 , 0 , 495
2122 , 0 , 495
2123 , 0 , 495
2124 , 0 , 496
2125 , 0 , 495
2126 , 0 , 495
2127 , 0 , 495
2128 , 0 , 495
2129 , 0 , 495
2130 , 0 , 495
2131 , 0 , 495
2132 , 0 , 495
2133 , 0 , 495
2134 , 0 , 495
2135 , 0 , 495
2136 , 0 , 495
2137 , 0 , 495
2138 , 0 , 495
2139 , 0 , 495
2140 , 0 , 495
2141 , 0 , 495
2142 , 0 , 494
2143 , 0 , 495
2144 , 0 , 495
2145 , 0 , 495
2146 , 0 , 495
2147 , 0 , 494
2148 , 0 , 494
2149 , 0 , 495
2150 , 0 , 495
2151 , 0 , 495
2152 , 0 , 495
2153 , 0 , 495
2154 , 0 , 495
2155 , 0 , 495
2156 , 0 , 494
2157 , 0 , 495
2158 , 0 , 494
2159 , 0 , 494
2160 , 0 , 494
2161 , 0 , 494
2162 , 0 , 494
2163 , 0 , 494
2164 , 0 , 495
2165 , 0 , 495
2166 , 0 , 494
2167 , 0 , 494
2168 , 0 , 495
2169 , 0 , 494
2170 , 0 , 494
2171 , 0 , 494
2172 , 0 , 494
2173 , 0 , 494
2174 , 0 , 494
2175 , 0 , 494
2176 , 0 , 494
2177 , 0 , 494
2178 , 0 , 494
2179 , 0 , 494
2180 , 0 , 495
2181 , 0 , 494
2182 , 0 , 494
2183 , 0 , 494
2184 , 0 , 494
2185 , 0 , 494
2186 , 0 , 494
2187 , 0 , 494
2188 , 0 , 494
2189 , 0 , 494
2191 , 0 , 494
2192 , 0 , 494
2193 , 0 , 494
2194 , 0 , 494
2195 , 0 , 494
2196 , 0 , 494
2197 , 0 , 494
2198 , 0 , 494
2199 , 0 , 494
2200 , 0 , 494
2201 , 0 , 494
2202 , 0 , 494
2203 , 0 , 493
2204 , 0 , 493
2205 , 0 , 494
2206 , 0 , 494
2207 , 0 , 493
2208 , 0 , 494
2209 , 0 , 493
2210 , 0 , 494
2211 , 0 , 493
2212 , 0 , 493
2213 , 0 , 494
2214 , 0 , 493
2215 , 0 , 493
2216 , 0 , 493
2217 , 0 , 493
2218 , 0 , 493
2219 , 0 , 493
2220 , 0 , 493
2221 , 0 , 493
2222 , 0 , 493
2223 , 0 , 493
2224 , 0 , 493
2225 , 0 , 493
2226 , 0 , 493
2227 , 0 , 493
2228 , 0 , 493
2229 , 0 , 493
2230 , 0 , 493
2231 , 0 , 493
2232 , 0 , 493
2233 , 0 , 493
2234 , 0 , 493
2235 , 0 , 493
2236 , 0 , 493
2237 , 0 , 493
2238 , 0 , 493
2239 , 0 , 493
2240 , 0 , 493
2241 , 0 , 493
2242 , 0 , 493
2243 , 0 , 493
2244 , 0 , 493
2245 , 0 , 493
2246 , 0 , 493
2247 , 0 , 493
2248 , 0 , 493
2249 , 0 , 493
2250 , 0 , 493
2251 , 0 , 493
2252 , 0 , 493
2253 , 0 , 493
2254 , 0 , 492
2255 , 0 , 493
2256 , 0 , 493
2257 , 0 , 493
2258 , 0 , 493
2259 , 0 , 493
2260 , 0 , 493
2261 , 0 , 493
2262 , 0 , 493
2263 , 0 , 493
2264 , 0 , 493
2265 , 0 , 493
2266 , 0 , 493
2267 , 0 , 493
2268 , 0 , 493
2269 , 0 , 492
2270 , 0 , 493
2271 , 0 , 493
2272 , 0 , 493
2273 , 0 , 493
2274 , 0 , 493
2275 , 0 , 493
2276 , 0 , 493
2277 , 0 , 493
2278 , 0 , 493
2279 , 0 , 493
2280 , 0 , 493
2281 , 0 , 493
2282 , 0 , 493
2283 , 0 , 493
2284 , 0 , 493
2285 , 0 , 493
2286 , 0 , 493
2287 , 0 , 493
2288 , 0 , 493
2289 , 0 , 493
2290 , 0 , 493
2291 , 0 , 493
2292 , 0 , 493
2293 , 0 , 493
2294 , 0 , 493
2295 , 0 , 493
2296 , 0 , 493
2297 , 0 , 493
2298 , 0 , 493
2299 , 0 , 493
2300 , 0 , 493
2301 , 0 , 493
2302 , 0 , 493
2303 , 0 , 493
2304 , 0 , 493
2305 , 0 , 493
2306 , 0 , 493
2307 , 0 , 493
2308 , 0 , 493
2309 , 0 , 493
2310 , 0 , 493
2311 , 0 , 493
2312 , 0 , 493
2313 , 0 , 493
2314 , 0 , 493
2315 , 0 , 493
2316 , 0 , 493
2317 , 0 , 493
2318 , 0 , 493
2319 , 0 , 493
2320 , 0 , 493
2321 , 0 , 493
2322 , 0 , 493
2323 , 0 , 493
2324 , 0 , 493
2325 , 0 , 493
2326 , 0 , 492
2327 , 0 , 493
2328 , 0 , 492
2329 , 0 , 492
2330 , 0 , 493
2331 , 0 , 492
2332 , 0 , 492
2333 , 0 , 492
2334 , 0 , 492
2335 , 0 , 492
2336 , 0 , 492
2337 , 0 , 493
2338 , 0 , 492
2339 , 0 , 492
2340 , 0 , 492
2341 , 0 , 492
2342 , 0 , 492
2343 , 0 , 492
2344 , 0 , 492
2345 , 0 , 492
2346 , 0 , 492
2347 , 0 , 492
2348 , 0 , 492
2349 , 0 , 492
2350 , 0 , 492
2351 , 0 , 492
2352 , 0 , 492
2353 , 0 , 492
2354 , 0 , 492
2355 , 0 , 492
2356 , 0 , 492
2357 , 0 , 492
2358 , 0 , 492
2359 , 0 , 492
2360 , 0 , 492
2361 , 0 , 491
2362 , 0 , 492
2363 , 0 , 492
2364 , 0 , 491
2365 , 0 , 492
2366 , 0 , 492
2367 , 0 , 492
2368 , 0 , 492
2369 , 0 , 491
2370 , 0 , 491
2371 , 0 , 491
2372 , 0 , 491
2373 , 0 , 492
2374 , 0 , 491
2375 , 0 , 491
2376 , 0 , 491
2377 , 0 , 492
2378 , 0 , 492
2379 , 0 , 492
2380 , 0 , 491
2381 , 0 , 492
2382 , 0 , 491
2383 , 0 , 492
2384 , 0 , 492
2385 , 0 , 491
2386 , 0 , 491
2387 , 0 , 491
2388 , 0 , 491
2389 , 0 , 491
2390 , 0 , 492
2391 , 0 , 492
2392 , 0 , 492
2393 , 0 , 491
2394 , 0 , 492
2395 , 0 , 492
2396 , 0 , 492
2397 , 0 , 492
2398 , 0 , 492
2399 , 0 , 491
2400 , 0 , 491
2401 , 0 , 491
2402 , 0 , 491
2403 , 0 , 491
2404 , 0 , 492
2405 , 0 , 491
2406 , 0 , 491
2407 , 0 , 492
2408 , 0 , 492
2409 , 0 , 492
2410 , 0 , 492
2411 , 0 , 492
2412 , 0 , 491
2413 , 0 , 491
2414 , 0 , 491
2415 , 0 , 492
2416 , 0 , 492
2417 , 0 , 491
2418 , 0 , 491
2419 , 0 , 491
2420 , 0 , 491
2421 , 0 , 491
2422 , 0 , 491
2423 , 0 , 491
2424 , 0 , 491
2425 , 0 , 491
2426 , 0 , 492
2427 , 0 , 491
2428 , 0 , 491
2429 , 0 , 491
2430 , 0 , 491
2431 , 0 , 491
2432 , 0 , 491
2433 , 0 , 491
2434 , 0 , 491
2435 , 0 , 491
2436 , 0 , 491
2437 , 0 , 491
2438 , 0 , 491
2439 , 0 , 491
2440 , 0 , 491
2441 , 0 , 491
2442 , 0 , 492
2443 , 0 , 491
2444 , 0 , 491
2445 , 0 , 491
2446 , 0 , 492
2447 , 0 , 492
2448 , 0 , 491
2449 , 0 , 492
2450 , 0 , 492
2451 , 0 , 491
2453 , 0 , 492
2454 , 0 , 492
2455 , 0 , 492
2456 , 0 , 491
2457 , 0 , 492
2458 , 0 , 492
2459 , 0 , 491
2460 , 0 , 491
2461 , 0 , 491
2462 , 0 , 491
2463 , 0 , 491
2464 , 0 , 491
2465 , 0 , 491
2466 , 0 , 491
2467 , 0 , 491
2468 , 0 , 491
2469 , 0 , 491
2470 , 0 , 491
2471 , 0 , 491
2472 , 0 , 491
2473 , 0 , 491
2474 , 0 , 491
2475 , 0 , 491
2476 , 0 , 491
2477 , 0 , 491
2478 , 0 , 491
2479 , 0 , 491
2480 , 0 , 491
2481 , 0 , 490
2482 , 0 , 491
2483 , 0 , 491
2484 , 0 , 491
2485 , 0 , 491
2486 , 0 , 491
2487 , 0 , 491
2488 , 0 , 491
2489 , 0 , 491
2490 , 0 , 491
2491 , 0 , 491
2492 , 0 , 491
2493 , 0 , 491
2494 , 0 , 491
2495 , 0 , 491
2496 , 0 , 491
2497 , 0 , 491
2498 , 0 , 491
2499 , 0 , 491
2500 , 0 , 490
2501 , 0 , 491
2502 , 0 , 490
2503 , 0 , 491
2504 , 0 , 490
2505 , 0 , 490
2506 , 0 , 490
2507 , 0 , 490
2508 , 0 , 491
2509 , 0 , 490
2510 , 0 , 490
2511 , 0 , 490
2512 , 0 , 491
2513 , 0 , 491
2514 , 0 , 490
2515 , 0 , 490
2516 , 0 , 491
2517 , 0 , 491
2518 , 0 , 490
2519 , 0 , 491
2520 , 0 , 491
2521 , 0 , 491
2522 , 0 , 491
2523 , 0 , 491
2524 , 0 , 491
2525 , 0 , 490
2526 , 0 , 491
2527 , 0 , 491
2528 , 0 , 491
2529 , 0 , 491
2530 , 0 , 491
2531 , 0 , 491
2532 , 0 , 491
2533 , 0 , 491
2534 , 0 , 491
2535 , 0 , 491
2536 , 0 , 490
2537 , 0 , 490
2538 , 0 , 491
2539 , 0 , 491
2540 , 0 , 490
2541 , 0 , 490
2542 , 0 , 491
2543 , 0 , 490
2544 , 0 , 490
2545 , 0 , 490
2546 , 0 , 490
2547 , 0 , 490
2548 , 0 , 490
2549 , 0 , 490
2550 , 0 , 490
2551 , 0 , 490
2552 , 0 , 490
2553 , 0 , 490
2554 , 0 , 490
2555 , 0 , 490
2556 , 0 , 490
2557 , 0 , 490
2558 , 0 , 490
2559 , 0 , 490
2560 , 0 , 490
2561 , 0 , 490
2562 , 0 , 490
2563 , 0 , 490
2564 , 0 , 490
2565 , 0 , 490
2566 , 0 , 490
2567 , 0 , 490
2568 , 0 , 490
2569 , 0 , 490
2570 , 0 , 490
2571 , 0 , 490
2572 , 0 , 490
2573 , 0 , 489
2574 , 0 , 489
2575 , 0 , 490
2576 , 0 , 490
2577 , 0 , 490
2578 , 0 , 490
2579 , 0 , 490
2580 , 0 , 490
2581 , 0 , 490
2582 , 0 , 490
2583 , 0 , 490
2584 , 0 , 490
2585 , 0 , 490
2586 , 0 , 490
2587 , 0 , 489
2588 , 0 , 489
2589 , 0 , 490
2590 , 0 , 490
2591 , 0 , 490
2592 , 0 , 490
2593 , 0 , 490
2594 , 0 , 489
2595 , 0 , 490
2596 , 0 , 490
2597 , 0 , 490
2598 , 0 , 490
2599 , 0 , 490
2600 , 0 , 489
2601 , 0 , 489
2602 , 0 , 489
2603 , 0 , 490
2604 , 0 , 489
2605 , 0 , 490
2606 , 0 , 490
2607 , 0 , 489
2608 , 0 , 490
2609 , 0 , 489
2610 , 0 , 489
2611 , 0 , 490
2612 , 0 , 490
2613 , 0 , 489
2614 , 0 , 489
2615 , 0 , 490
2616 , 0 , 490
2617 , 0 , 489
2618 , 0 , 489
2619 , 0 , 490
2620 , 0 , 490
2621 , 0 , 490
2622 , 0 , 490
2623 , 0 , 490
2624 , 0 , 490
2625 , 0 , 490
2626 , 0 , 490
2627 , 0 , 490
2628 , 0 , 490
2629 , 0 , 490
2630 , 0 , 490
2631 , 0 , 490
2632 , 0 , 490
2633 , 0 , 490
2634 , 0 , 490
2635 , 0 , 490
2636 , 0 , 490
2637 , 0 , 490
2638 , 0 , 490
2639 , 0 , 490
2640 , 0 , 490
2641 , 0 , 490
2642 , 0 , 490
2643 , 0 , 490
2644 , 0 , 490
2645 , 0 , 490
2646 , 0 , 489
2647 , 0 , 490
2648 , 0 , 490
2649 , 0 , 490
2650 , 0 , 490
2651 , 0 , 490
2652 , 0 , 490
2653 , 0 , 489
2654 , 0 , 489
2655 , 0 , 489
2656 , 0 , 489
2657 , 0 , 489
2658 , 0 , 489
2659 , 0 , 489
2660 , 0 , 489
2661 , 0 , 489
2662 , 0 , 489
2663 , 0 , 489
2664 , 0 , 489
2665 , 0 , 489
2666 , 0 , 489
2667 , 0 , 489
2668 , 0 , 489
2669 , 0 , 489
2670 , 0 , 489
2671 , 0 , 489
2672 , 0 , 489
2673 , 0 , 489
2674 , 0 , 489
2675 , 0 , 489
2676 , 0 , 489
2677 , 0 , 489
2678 , 0 , 490
2679 , 0 , 489
2680 , 0 , 489
2681 , 0 , 489
2682 , 0 , 489
2683 , 0 , 489
2684 , 0 , 489
2685 , 0 , 488
2686 , 0 , 488
2687 , 0 , 489
2688 , 0 , 489
2689 , 0 , 489
2690 , 0 , 489
2691 , 0 , 489
2692 , 0 , 489
2693 , 0 , 488
2694 , 0 , 489
2695 , 0 , 488
2696 , 0 , 488
2697 , 0 , 488
2698 , 0 , 488
2699 , 0 , 488
2700 , 0 , 488
2701 , 0 , 488
2702 , 0 , 488
2703 , 0 , 488
2704 , 0 , 488
2705 , 0 , 488
2706 , 0 , 488
2707 , 0 , 488
2708 , 0 , 488
2709 , 0 , 488
2710 , 0 , 488
2711 , 0 , 488
2712 , 0 , 488
2713 , 0 , 488
2714 , 0 , 487
2716 , 0 , 488
2717 , 0 , 488
2718 , 0 , 488
2719 , 0 , 488
2720 , 0 , 488
2721 , 0 , 488
2722 , 0 , 488
2723 , 0 , 488
2724 , 0 , 488
2725 , 0 , 488
2726 , 0 , 488
2727 , 0 , 488
2728 , 0 , 488
2729 , 0 , 488
2730 , 0 , 488
2731 , 0 , 488
2732 , 0 , 488
2733 , 0 , 487
2734 , 0 , 488
2735 , 0 , 488
2736 , 0 , 487
2737 , 0 , 487
2738 , 0 , 488
2739 , 0 , 487
2740 , 0 , 487
2741 , 0 , 487
2742 , 0 , 487
2743 , 0 , 487
2744 , 0 , 487
2745 , 0 , 488
2746 , 0 , 487
2747 , 0 , 487
2748 , 0 , 487
2749 , 0 , 487
2750 , 0 , 487
2751 , 0 , 487
2752 , 0 , 487
2753 , 0 , 487
2754 , 0 , 487
2755 , 0 , 487
2756 , 0 , 487
2757 , 0 , 487
2758 , 0 , 487
2759 , 0 , 487
2760 , 0 , 487
2761 , 0 , 487
2762 , 0 , 487
2763 , 0 , 487
2764 , 0 , 487
2765 , 0 , 487
2766 , 0 , 487
2767 , 0 , 487
2768 , 0 , 487
2769 , 0 , 487
2770 , 0 , 487
2771 , 0 , 487
2772 , 0 , 487
2773 , 0 , 487
2774 , 0 , 487
2775 , 0 , 487
2776 , 0 , 487
2777 , 0 , 487
2778 , 0 , 487
2779 , 0 , 487
2780 , 0 , 487
2781 , 0 , 487
2782 , 0 , 487
2783 , 0 , 488
2784 , 0 , 487
2785 , 0 , 487
2786 , 0 , 487
2787 , 0 , 487
2788 , 0 , 487
2789 , 0 , 487
2790 , 0 , 487
2791 , 0 , 487
2792 , 0 , 487
2793 , 0 , 487
2794 , 0 , 487
2795 , 0 , 487
2796 , 0 , 487
2797 , 0 , 487
2798 , 0 , 487
2799 , 0 , 487
2800 , 0 , 486
2801 , 0 , 487
2802 , 0 , 487
2803 , 0 , 487
2804 , 0 , 487
2805 , 0 , 487
2806 , 0 , 487
2807 , 0 , 487
2808 , 0 , 487
2809 , 0 , 487
2810 , 0 , 487
2811 , 0 , 486
2812 , 0 , 487
2813 , 0 , 487
2814 , 0 , 487
2815 , 0 , 487
2816 , 0 , 486
2817 , 0 , 487
2818 , 0 , 487
2819 , 0 , 486
2820 , 0 , 487
2821 , 0 , 487
2822 , 0 , 487
2823 , 0 , 487
2824 , 0 , 487
2825 , 0 , 487
2826 , 0 , 487
2827 , 0 , 487
2828 , 0 , 487
2829 , 0 , 487
2830 , 0 , 487
2831 , 0 , 487
2832 , 0 , 487
2833 , 0 , 487
2834 , 0 , 487
2835 , 0 , 487
2836 , 0 , 487
2837 , 0 , 487
2838 , 0 , 487
2839 , 0 , 487
2840 , 0 , 487
2841 , 0 , 487
2842 , 0 , 487
2843 , 0 , 487
2844 , 0 , 487
2845 , 0 , 487
2846 , 0 , 487
2847 , 0 , 487
2848 , 0 , 487
2849 , 0 , 487
2850 , 0 , 487
2851 , 0 , 487
2852 , 0 , 487
2853 , 0 , 487
2854 , 0 , 487
2855 , 0 , 487
2856 , 0 , 487
2857 , 0 , 487
2858 , 0 , 487
2859 , 0 , 487
2860 , 0 , 487
2861 , 0 , 487
2862 , 0 , 487
2863 , 0 , 487
2864 , 0 , 487
2865 , 0 , 487
2866 , 0 , 487
2867 , 0 , 487
2868 , 0 , 487
2869 , 0 , 487
2870 , 0 , 487
2871 , 0 , 487
2872 , 0 , 487
2873 , 0 , 487
2874 , 0 , 487
2875 , 0 , 487
2876 , 0 , 487
2877 , 0 , 487
2878 , 0 , 487
2879 , 0 , 487
2880 , 0 , 487
2881 , 0 , 487
2882 , 0 , 487
2883 , 0 , 487
2884 , 0 , 487
2885 , 0 , 487
2886 , 0 , 487
2887 , 0 , 487
2888 , 0 , 487
2889 , 0 , 487
2890 , 0 , 487
2891 , 0 , 487
2892 , 0 , 487
2893 , 0 , 487
2894 , 0 , 487
2895 , 0 , 487
2896 , 0 , 487
2897 , 0 , 487
2898 , 0 , 487
2899 , 0 , 487
2900 , 0 , 487
2901 , 0 , 487
2902 , 0 , 487
2903 , 0 , 487
2904 , 0 , 487
2905 , 0 , 487
2906 , 0 , 487
2907 , 0 , 487
2908 , 0 , 487
2909 , 0 , 487
2910 , 0 , 487
2911 , 0 , 487
2912 , 0 , 487
2913 , 0 , 486
2914 , 0 , 487
2915 , 0 , 486
2916 , 0 , 487
2917 , 0 , 487
2918 , 0 , 487
2919 , 0 , 487
2920 , 0 , 486
2921 , 0 , 487
2922 , 0 , 487
2923 , 0 , 487
2924 , 0 , 487
2925 , 0 , 487
2926 , 0 , 487
2927 , 0 , 487
2928 , 0 , 487
2929 , 0 , 487
2930 , 0 , 487
2931 , 0 , 487
2932 , 0 , 487
2933 , 0 , 487
2934 , 0 , 487
2935 , 0 , 487
2936 , 0 , 487
2937 , 0 , 487
2938 , 0 , 487
2939 , 0 , 487
2940 , 0 , 487
2941 , 0 , 487
2942 , 0 , 486
2943 , 0 , 487
2944 , 0 , 487
2945 , 0 , 487
2946 , 0 , 487
2947 , 0 , 487
2948 , 0 , 487
2949 , 0 , 487
2950 , 0 , 487
2951 , 0 , 487
2952 , 0 , 487
2953 , 0 , 487
2954 , 0 , 487
2955 , 0 , 487
2956 , 0 , 487
2957 , 0 , 487
2958 , 0 , 487
2959 , 0 , 487
2960 , 0 , 487
2961 , 0 , 487
2962 , 0 , 487
2963 , 0 , 487
2964 , 0 , 487
2965 , 0 , 487
2966 , 0 , 487
2967 , 0 , 487
2968 , 0 , 487
2969 , 0 , 487
2970 , 0 , 487
2971 , 0 , 487
2972 , 0 , 487
2973 , 0 , 487
2974 , 0 , 487
2975 , 0 , 487
2976 , 0 , 487
2978 , 0 , 487
2979 , 0 , 487
2980 , 0 , 487
2981 , 0 , 487
2982 , 0 , 487
2983 , 0 , 487
2984 , 0 , 487
2985 , 0 , 487
2986 , 0 , 487
2987 , 0 , 487
2988 , 0 , 487
2989 , 0 , 487
2990 , 0 , 487
2991 , 0 , 487
2992 , 0 , 487
2993 , 0 , 487
2994 , 0 , 487
2995 , 0 , 487
2996 , 0 , 486
2997 , 0 , 487
2998 , 0 , 487
2999 , 0 , 487
3000 , 0 , 487
